# phyrecall_fragment_0_1200_PF3D7_1149000
# AA	inside	membr	outside
1 M	0.34513	0.00000	0.65487
2 S	0.34513	0.00000	0.65487
3 N	0.34513	0.00000	0.65487
4 I	0.34513	0.00000	0.65487
5 N	0.34513	0.00000	0.65487
6 N	0.34513	0.00000	0.65487
7 K	0.34513	0.00000	0.65487
8 D	0.34513	0.00000	0.65487
9 S	0.34513	0.00000	0.65487
10 S	0.34513	0.00000	0.65487
11 T	0.34513	0.00000	0.65487
12 E	0.34513	0.00000	0.65487
13 W	0.34513	0.00000	0.65487
14 N	0.34513	0.00000	0.65487
15 C	0.34513	0.00000	0.65487
16 K	0.34513	0.00000	0.65487
17 E	0.34513	0.00000	0.65487
18 D	0.34513	0.00000	0.65487
19 V	0.34513	0.00000	0.65487
20 G	0.34513	0.00000	0.65487
21 C	0.34513	0.00000	0.65487
22 V	0.34513	0.00000	0.65487
23 P	0.34513	0.00000	0.65487
24 P	0.34513	0.00000	0.65487
25 R	0.34513	0.00000	0.65487
26 R	0.34513	0.00000	0.65487
27 Q	0.34513	0.00000	0.65487
28 N	0.34513	0.00000	0.65487
29 L	0.34513	0.00000	0.65487
30 N	0.34513	0.00000	0.65487
31 M	0.34513	0.00000	0.65487
32 E	0.34513	0.00000	0.65487
33 R	0.34513	0.00000	0.65487
34 L	0.34513	0.00000	0.65487
35 D	0.34513	0.00000	0.65487
36 N	0.34513	0.00000	0.65487
37 E	0.34513	0.00000	0.65487
38 N	0.34513	0.00000	0.65487
39 E	0.34513	0.00000	0.65487
40 D	0.34513	0.00000	0.65487
41 S	0.34513	0.00000	0.65487
42 V	0.34513	0.00000	0.65487
43 P	0.34513	0.00000	0.65487
44 D	0.34513	0.00000	0.65487
45 F	0.34513	0.00000	0.65487
46 M	0.34513	0.00000	0.65487
47 K	0.34513	0.00000	0.65487
48 K	0.34513	0.00000	0.65487
49 T	0.34513	0.00000	0.65487
50 F	0.34513	0.00000	0.65487
51 Y	0.34513	0.00000	0.65487
52 L	0.34513	0.00000	0.65487
53 A	0.34513	0.00000	0.65487
54 A	0.34513	0.00000	0.65487
55 A	0.34513	0.00000	0.65487
56 G	0.34513	0.00000	0.65487
57 E	0.34513	0.00000	0.65487
58 G	0.34513	0.00000	0.65487
59 K	0.34513	0.00000	0.65487
60 K	0.34513	0.00000	0.65487
61 L	0.34513	0.00000	0.65487
62 R	0.34513	0.00000	0.65487
63 E	0.34513	0.00000	0.65487
64 K	0.34513	0.00000	0.65487
65 H	0.34513	0.00000	0.65487
66 D	0.34513	0.00000	0.65487
67 E	0.34513	0.00000	0.65487
68 S	0.34513	0.00000	0.65487
69 C	0.34513	0.00000	0.65487
70 D	0.34513	0.00000	0.65487
71 E	0.34513	0.00000	0.65487
72 F	0.34513	0.00000	0.65487
73 C	0.34513	0.00000	0.65487
74 D	0.34513	0.00000	0.65487
75 A	0.34513	0.00000	0.65487
76 W	0.34513	0.00000	0.65487
77 N	0.34513	0.00000	0.65487
78 R	0.34513	0.00000	0.65487
79 S	0.34513	0.00000	0.65487
80 L	0.34513	0.00000	0.65487
81 A	0.34513	0.00000	0.65487
82 D	0.34513	0.00000	0.65487
83 Y	0.34513	0.00000	0.65487
84 K	0.34513	0.00000	0.65487
85 D	0.34513	0.00000	0.65487
86 I	0.34513	0.00000	0.65487
87 F	0.34513	0.00000	0.65487
88 Q	0.34513	0.00000	0.65487
89 G	0.34513	0.00000	0.65487
90 K	0.34513	0.00000	0.65487
91 D	0.34513	0.00000	0.65487
92 M	0.34513	0.00000	0.65487
93 W	0.34513	0.00000	0.65487
94 N	0.34513	0.00000	0.65487
95 D	0.34513	0.00000	0.65487
96 G	0.34513	0.00000	0.65487
97 K	0.34513	0.00000	0.65487
98 Y	0.34513	0.00000	0.65487
99 G	0.34513	0.00000	0.65487
100 E	0.34513	0.00000	0.65487
101 A	0.34513	0.00000	0.65487
102 K	0.34513	0.00000	0.65487
103 N	0.34513	0.00000	0.65487
104 H	0.34513	0.00000	0.65487
105 I	0.34513	0.00000	0.65487
106 K	0.34513	0.00000	0.65487
107 N	0.34513	0.00000	0.65487
108 A	0.34513	0.00000	0.65487
109 F	0.34513	0.00000	0.65487
110 G	0.34513	0.00000	0.65487
111 D	0.34513	0.00000	0.65487
112 M	0.34513	0.00000	0.65487
113 N	0.34513	0.00000	0.65487
114 N	0.34513	0.00000	0.65487
115 R	0.34513	0.00000	0.65487
116 K	0.34513	0.00000	0.65487
117 T	0.34513	0.00000	0.65487
118 M	0.34513	0.00000	0.65487
119 L	0.34513	0.00000	0.65487
120 N	0.34513	0.00000	0.65487
121 E	0.34513	0.00000	0.65487
122 I	0.34513	0.00000	0.65487
123 E	0.34513	0.00000	0.65487
124 K	0.34513	0.00000	0.65487
125 G	0.34513	0.00000	0.65487
126 I	0.34513	0.00000	0.65487
127 K	0.34513	0.00000	0.65487
128 D	0.34513	0.00000	0.65487
129 E	0.34513	0.00000	0.65487
130 T	0.34513	0.00000	0.65487
131 F	0.34513	0.00000	0.65487
132 S	0.34513	0.00000	0.65487
133 R	0.34513	0.00000	0.65487
134 E	0.34513	0.00000	0.65487
135 N	0.34513	0.00000	0.65487
136 G	0.34513	0.00000	0.65487
137 L	0.34513	0.00000	0.65487
138 D	0.34513	0.00000	0.65487
139 V	0.34513	0.00000	0.65487
140 C	0.34513	0.00000	0.65487
141 K	0.34513	0.00000	0.65487
142 S	0.34513	0.00000	0.65487
143 Q	0.34513	0.00000	0.65487
144 C	0.34513	0.00000	0.65487
145 E	0.34513	0.00000	0.65487
146 E	0.34513	0.00000	0.65487
147 R	0.34513	0.00000	0.65487
148 S	0.34513	0.00000	0.65487
149 R	0.34513	0.00000	0.65487
150 D	0.34513	0.00000	0.65487
151 D	0.34513	0.00000	0.65487
152 T	0.34513	0.00000	0.65487
153 E	0.34513	0.00000	0.65487
154 D	0.34513	0.00000	0.65487
155 Q	0.34513	0.00000	0.65487
156 F	0.34513	0.00000	0.65487
157 L	0.34513	0.00000	0.65487
158 R	0.34513	0.00000	0.65487
159 F	0.34513	0.00000	0.65487
160 F	0.34513	0.00000	0.65487
161 A	0.34513	0.00000	0.65487
162 E	0.34513	0.00000	0.65487
163 W	0.34513	0.00000	0.65487
164 E	0.34513	0.00000	0.65487
165 E	0.34513	0.00000	0.65487
166 E	0.34513	0.00000	0.65487
167 F	0.34513	0.00000	0.65487
168 C	0.34513	0.00000	0.65487
169 D	0.34513	0.00000	0.65487
170 G	0.34513	0.00000	0.65487
171 L	0.34513	0.00000	0.65487
172 N	0.34513	0.00000	0.65487
173 K	0.34513	0.00000	0.65487
174 H	0.34513	0.00000	0.65487
175 E	0.34513	0.00000	0.65487
176 E	0.34513	0.00000	0.65487
177 Q	0.34513	0.00000	0.65487
178 L	0.34513	0.00000	0.65487
179 K	0.34513	0.00000	0.65487
180 S	0.34513	0.00000	0.65487
181 C	0.34513	0.00000	0.65487
182 T	0.34513	0.00000	0.65487
183 K	0.34513	0.00000	0.65487
184 D	0.34513	0.00000	0.65487
185 I	0.34513	0.00000	0.65487
186 N	0.34513	0.00000	0.65487
187 C	0.34513	0.00000	0.65487
188 D	0.34513	0.00000	0.65487
189 I	0.34513	0.00000	0.65487
190 K	0.34513	0.00000	0.65487
191 C	0.34513	0.00000	0.65487
192 S	0.34513	0.00000	0.65487
193 N	0.34513	0.00000	0.65487
194 F	0.34513	0.00000	0.65487
195 K	0.34513	0.00000	0.65487
196 D	0.34513	0.00000	0.65487
197 W	0.34513	0.00000	0.65487
198 L	0.34513	0.00000	0.65487
199 E	0.34513	0.00000	0.65487
200 T	0.34513	0.00000	0.65487
201 K	0.34513	0.00000	0.65487
202 K	0.34513	0.00000	0.65487
203 D	0.34513	0.00000	0.65487
204 E	0.34513	0.00000	0.65487
205 Y	0.34513	0.00000	0.65487
206 D	0.34513	0.00000	0.65487
207 I	0.34513	0.00000	0.65487
208 Q	0.34513	0.00000	0.65487
209 S	0.34513	0.00000	0.65487
210 R	0.34513	0.00000	0.65487
211 V	0.34513	0.00000	0.65487
212 F	0.34513	0.00000	0.65487
213 E	0.34513	0.00000	0.65487
214 K	0.34513	0.00000	0.65487
215 K	0.34513	0.00000	0.65487
216 Y	0.34513	0.00000	0.65487
217 A	0.34513	0.00000	0.65487
218 N	0.34513	0.00000	0.65487
219 D	0.34513	0.00000	0.65487
220 N	0.34513	0.00000	0.65487
221 K	0.34513	0.00000	0.65487
222 S	0.34513	0.00000	0.65487
223 K	0.34513	0.00000	0.65487
224 H	0.34513	0.00000	0.65487
225 L	0.34513	0.00000	0.65487
226 N	0.34513	0.00000	0.65487
227 Y	0.34513	0.00000	0.65487
228 L	0.34513	0.00000	0.65487
229 K	0.34513	0.00000	0.65487
230 E	0.34513	0.00000	0.65487
231 G	0.34513	0.00000	0.65487
232 M	0.34513	0.00000	0.65487
233 N	0.34513	0.00000	0.65487
234 K	0.34513	0.00000	0.65487
235 C	0.34513	0.00000	0.65487
236 K	0.34513	0.00000	0.65487
237 V	0.34513	0.00000	0.65487
238 K	0.34513	0.00000	0.65487
239 N	0.34513	0.00000	0.65487
240 P	0.34513	0.00000	0.65487
241 E	0.34513	0.00000	0.65487
242 M	0.34513	0.00000	0.65487
243 V	0.34513	0.00000	0.65487
244 F	0.34513	0.00000	0.65487
245 K	0.34513	0.00000	0.65487
246 S	0.34513	0.00000	0.65487
247 G	0.34513	0.00000	0.65487
248 F	0.34513	0.00000	0.65487
249 A	0.34513	0.00000	0.65487
250 N	0.34513	0.00000	0.65487
251 V	0.34513	0.00000	0.65487
252 A	0.34513	0.00000	0.65487
253 E	0.34513	0.00000	0.65487
254 C	0.34513	0.00000	0.65487
255 R	0.34513	0.00000	0.65487
256 N	0.34513	0.00000	0.65487
257 L	0.34513	0.00000	0.65487
258 N	0.34513	0.00000	0.65487
259 V	0.34513	0.00000	0.65487
260 E	0.34513	0.00000	0.65487
261 G	0.34513	0.00000	0.65487
262 A	0.34513	0.00000	0.65487
263 G	0.34513	0.00000	0.65487
264 N	0.34513	0.00000	0.65487
265 K	0.34513	0.00000	0.65487
266 N	0.34513	0.00000	0.65487
267 S	0.34513	0.00000	0.65487
268 N	0.34513	0.00000	0.65487
269 N	0.34513	0.00000	0.65487
270 L	0.34513	0.00000	0.65487
271 K	0.34513	0.00000	0.65487
272 D	0.34513	0.00000	0.65487
273 L	0.34513	0.00000	0.65487
274 D	0.34513	0.00000	0.65487
275 S	0.34513	0.00000	0.65487
276 N	0.34513	0.00000	0.65487
277 S	0.34513	0.00000	0.65487
278 D	0.34513	0.00000	0.65487
279 K	0.34513	0.00000	0.65487
280 D	0.34513	0.00000	0.65487
281 G	0.34513	0.00000	0.65487
282 I	0.34513	0.00000	0.65487
283 V	0.34513	0.00000	0.65487
284 S	0.34513	0.00000	0.65487
285 E	0.34513	0.00000	0.65487
286 S	0.34513	0.00000	0.65487
287 Y	0.34513	0.00000	0.65487
288 K	0.34513	0.00000	0.65487
289 A	0.34513	0.00000	0.65487
290 T	0.34513	0.00000	0.65487
291 K	0.34513	0.00000	0.65487
292 K	0.34513	0.00000	0.65487
293 N	0.34513	0.00000	0.65487
294 G	0.34513	0.00000	0.65487
295 E	0.34513	0.00000	0.65487
296 S	0.34513	0.00000	0.65487
297 I	0.34513	0.00000	0.65487
298 M	0.34513	0.00000	0.65487
299 D	0.34513	0.00000	0.65487
300 R	0.34513	0.00000	0.65487
301 I	0.34513	0.00000	0.65487
302 P	0.34513	0.00000	0.65487
303 K	0.34513	0.00000	0.65487
304 S	0.34513	0.00000	0.65487
305 F	0.34513	0.00000	0.65487
306 N	0.34513	0.00000	0.65487
307 K	0.34513	0.00000	0.65487
308 L	0.34513	0.00000	0.65487
309 F	0.34513	0.00000	0.65487
310 G	0.34513	0.00000	0.65487
311 Y	0.34513	0.00000	0.65487
312 F	0.34513	0.00000	0.65487
313 S	0.34513	0.00000	0.65487
314 G	0.34513	0.00000	0.65487
315 S	0.34513	0.00000	0.65487
316 Q	0.34513	0.00000	0.65487
317 E	0.34513	0.00000	0.65487
318 E	0.34513	0.00000	0.65487
319 E	0.34513	0.00000	0.65487
320 Q	0.34513	0.00000	0.65487
321 K	0.34513	0.00000	0.65487
322 E	0.34513	0.00000	0.65487
323 N	0.34513	0.00000	0.65487
324 D	0.34513	0.00000	0.65487
325 V	0.34513	0.00000	0.65487
326 S	0.34513	0.00000	0.65487
327 H	0.34513	0.00000	0.65487
328 R	0.34513	0.00000	0.65487
329 N	0.34513	0.00000	0.65487
330 N	0.34513	0.00000	0.65487
331 Y	0.34513	0.00000	0.65487
332 D	0.34513	0.00000	0.65487
333 N	0.34513	0.00000	0.65487
334 I	0.34513	0.00000	0.65487
335 L	0.34513	0.00000	0.65487
336 V	0.34513	0.00000	0.65487
337 D	0.34513	0.00000	0.65487
338 K	0.34513	0.00000	0.65487
339 F	0.34513	0.00000	0.65487
340 H	0.34513	0.00000	0.65487
341 R	0.34513	0.00000	0.65487
342 S	0.34513	0.00000	0.65487
343 S	0.34513	0.00000	0.65487
344 L	0.34513	0.00000	0.65487
345 L	0.34513	0.00000	0.65487
346 D	0.34513	0.00000	0.65487
347 K	0.34513	0.00000	0.65487
348 L	0.34513	0.00000	0.65487
349 D	0.34513	0.00000	0.65487
350 D	0.34513	0.00000	0.65487
351 R	0.34513	0.00000	0.65487
352 M	0.34513	0.00000	0.65487
353 F	0.34513	0.00000	0.65487
354 F	0.34513	0.00000	0.65487
355 D	0.34513	0.00000	0.65487
356 E	0.34513	0.00000	0.65487
357 L	0.34513	0.00000	0.65487
358 N	0.34513	0.00000	0.65487
359 R	0.34513	0.00000	0.65487
360 D	0.34513	0.00000	0.65487
361 N	0.34513	0.00000	0.65487
362 I	0.34513	0.00000	0.65487
363 M	0.34513	0.00000	0.65487
364 E	0.34513	0.00000	0.65487
365 E	0.34513	0.00000	0.65487
366 V	0.34513	0.00000	0.65487
367 L	0.34513	0.00000	0.65487
368 S	0.34513	0.00000	0.65487
369 K	0.34513	0.00000	0.65487
370 I	0.34513	0.00000	0.65487
371 P	0.34513	0.00000	0.65487
372 E	0.34513	0.00000	0.65487
373 P	0.34513	0.00000	0.65487
374 I	0.34513	0.00000	0.65487
375 I	0.34513	0.00000	0.65487
376 R	0.34513	0.00000	0.65487
377 E	0.34513	0.00000	0.65487
378 A	0.34513	0.00000	0.65487
379 P	0.34513	0.00000	0.65487
380 K	0.34513	0.00000	0.65487
381 Y	0.34513	0.00000	0.65487
382 V	0.34513	0.00000	0.65487
383 P	0.34513	0.00000	0.65487
384 K	0.34513	0.00000	0.65487
385 K	0.34513	0.00000	0.65487
386 P	0.34513	0.00000	0.65487
387 V	0.34513	0.00000	0.65487
388 P	0.34513	0.00000	0.65487
389 P	0.34513	0.00000	0.65487
390 Q	0.34513	0.00000	0.65487
391 H	0.34513	0.00000	0.65487
392 I	0.34513	0.00000	0.65487
393 P	0.34513	0.00000	0.65487
394 R	0.34513	0.00000	0.65487
395 G	0.34513	0.00000	0.65487
396 D	0.34513	0.00000	0.65487
397 N	0.34513	0.00000	0.65487
398 V	0.34513	0.00000	0.65487
399 P	0.34513	0.00000	0.65487
400 R	0.34513	0.00000	0.65487
401 N	0.34513	0.00000	0.65487
402 I	0.34513	0.00000	0.65487
403 D	0.34513	0.00000	0.65487
404 V	0.34513	0.00000	0.65487
405 N	0.34513	0.00000	0.65487
406 G	0.34513	0.00000	0.65487
407 S	0.34513	0.00000	0.65487
408 K	0.34513	0.00000	0.65487
409 D	0.34513	0.00000	0.65487
410 E	0.34513	0.00000	0.65487
411 Y	0.34513	0.00000	0.65487
412 S	0.34513	0.00000	0.65487
413 P	0.34513	0.00000	0.65487
414 E	0.34513	0.00000	0.65487
415 T	0.34513	0.00000	0.65487
416 E	0.34513	0.00000	0.65487
417 S	0.34513	0.00000	0.65487
418 A	0.34513	0.00000	0.65487
419 N	0.34513	0.00000	0.65487
420 S	0.34513	0.00000	0.65487
421 K	0.34513	0.00000	0.65487
422 I	0.34513	0.00000	0.65487
423 K	0.34513	0.00000	0.65487
424 P	0.34513	0.00000	0.65487
425 T	0.34513	0.00000	0.65487
426 Y	0.34513	0.00000	0.65487
427 E	0.34513	0.00000	0.65487
428 E	0.34513	0.00000	0.65487
429 N	0.34513	0.00000	0.65487
430 D	0.34513	0.00000	0.65487
431 E	0.34513	0.00000	0.65487
432 D	0.34513	0.00000	0.65487
433 K	0.34513	0.00000	0.65487
434 S	0.34513	0.00000	0.65487
435 K	0.34513	0.00000	0.65487
436 I	0.34513	0.00000	0.65487
437 S	0.34513	0.00000	0.65487
438 I	0.34513	0.00000	0.65487
439 E	0.34513	0.00000	0.65487
440 T	0.34513	0.00000	0.65487
441 S	0.34513	0.00000	0.65487
442 E	0.34513	0.00000	0.65487
443 I	0.34513	0.00000	0.65487
444 D	0.34513	0.00000	0.65487
445 R	0.34513	0.00000	0.65487
446 D	0.34513	0.00000	0.65487
447 K	0.34513	0.00000	0.65487
448 E	0.34513	0.00000	0.65487
449 P	0.34513	0.00000	0.65487
450 F	0.34513	0.00000	0.65487
451 R	0.34513	0.00000	0.65487
452 I	0.34513	0.00000	0.65487
453 S	0.34513	0.00000	0.65487
454 E	0.34513	0.00000	0.65487
455 E	0.34513	0.00000	0.65487
456 K	0.34513	0.00000	0.65487
457 K	0.34513	0.00000	0.65487
458 V	0.34513	0.00000	0.65487
459 V	0.34513	0.00000	0.65487
460 K	0.34513	0.00000	0.65487
461 E	0.34513	0.00000	0.65487
462 D	0.34513	0.00000	0.65487
463 V	0.34513	0.00000	0.65487
464 Q	0.34513	0.00000	0.65487
465 E	0.34513	0.00000	0.65487
466 L	0.34513	0.00000	0.65487
467 E	0.34513	0.00000	0.65487
468 N	0.34513	0.00000	0.65487
469 I	0.34513	0.00000	0.65487
470 E	0.34513	0.00000	0.65487
471 Y	0.34513	0.00000	0.65487
472 E	0.34513	0.00000	0.65487
473 F	0.34513	0.00000	0.65487
474 D	0.34513	0.00000	0.65487
475 E	0.34513	0.00000	0.65487
476 T	0.34513	0.00000	0.65487
477 F	0.34513	0.00000	0.65487
478 D	0.34513	0.00000	0.65487
479 F	0.34513	0.00000	0.65487
480 F	0.34513	0.00000	0.65487
481 D	0.34513	0.00000	0.65487
482 E	0.34513	0.00000	0.65487
483 D	0.34513	0.00000	0.65487
484 A	0.34513	0.00000	0.65487
485 K	0.34513	0.00000	0.65487
486 R	0.34513	0.00000	0.65487
487 N	0.34513	0.00000	0.65487
488 I	0.34513	0.00000	0.65487
489 D	0.34513	0.00000	0.65487
490 D	0.34513	0.00000	0.65487
491 I	0.34513	0.00000	0.65487
492 R	0.34513	0.00000	0.65487
493 K	0.34513	0.00000	0.65487
494 D	0.34513	0.00000	0.65487
495 I	0.34513	0.00000	0.65487
496 Q	0.34513	0.00000	0.65487
497 S	0.34513	0.00000	0.65487
498 Q	0.34513	0.00000	0.65487
499 I	0.34513	0.00000	0.65487
500 M	0.34513	0.00000	0.65487
501 K	0.34513	0.00000	0.65487
502 S	0.34513	0.00000	0.65487
503 V	0.34513	0.00000	0.65487
504 E	0.34513	0.00000	0.65487
505 N	0.34513	0.00000	0.65487
506 Y	0.34513	0.00000	0.65487
507 N	0.34513	0.00000	0.65487
508 S	0.34513	0.00000	0.65487
509 E	0.34513	0.00000	0.65487
510 K	0.34513	0.00000	0.65487
511 E	0.34513	0.00000	0.65487
512 E	0.34513	0.00000	0.65487
513 F	0.34513	0.00000	0.65487
514 K	0.34513	0.00000	0.65487
515 R	0.34513	0.00000	0.65487
516 N	0.34513	0.00000	0.65487
517 I	0.34513	0.00001	0.65486
518 E	0.34513	0.00001	0.65486
519 T	0.34513	0.00002	0.65485
520 Q	0.34513	0.00003	0.65484
521 L	0.34513	0.00004	0.65483
522 I	0.34513	0.00004	0.65483
523 E	0.34513	0.00004	0.65483
524 S	0.34513	0.00004	0.65483
525 G	0.34513	0.00004	0.65483
526 D	0.34513	0.00004	0.65483
527 G	0.34513	0.00004	0.65483
528 M	0.34513	0.00004	0.65483
529 N	0.34513	0.00004	0.65483
530 A	0.34513	0.00004	0.65483
531 G	0.34513	0.00004	0.65483
532 N	0.34513	0.00004	0.65483
533 Y	0.34513	0.00004	0.65483
534 S	0.34513	0.00004	0.65483
535 S	0.34513	0.00004	0.65483
536 A	0.34513	0.00004	0.65483
537 L	0.34514	0.00003	0.65483
538 Q	0.34516	0.00001	0.65483
539 D	0.34516	0.00001	0.65483
540 N	0.34506	0.00012	0.65483
541 S	0.34455	0.00066	0.65478
542 T	0.34251	0.00300	0.65449
543 E	0.33876	0.00833	0.65292
544 I	0.27931	0.09981	0.62088
545 P	0.21791	0.18145	0.60064
546 T	0.19437	0.21059	0.59503
547 M	0.14809	0.26716	0.58476
548 V	0.02138	0.40247	0.57615
549 L	0.00614	0.41971	0.57415
550 V	0.00044	0.42739	0.57217
551 P	0.00033	0.42760	0.57207
552 G	0.00017	0.42792	0.57191
553 V	0.00004	0.42833	0.57163
554 L	0.00001	0.42842	0.57157
555 T	0.00001	0.42845	0.57154
556 V	0.00000	0.42846	0.57154
557 F	0.00000	0.42846	0.57154
558 L	0.00000	0.42846	0.57154
559 L	0.00000	0.42846	0.57154
560 T	0.00000	0.42846	0.57154
561 I	0.00000	0.42846	0.57154
562 I	0.00001	0.42840	0.57159
563 W	0.00002	0.42815	0.57183
564 V	0.00010	0.42642	0.57348
565 L	0.00068	0.41789	0.58142
566 V	0.00463	0.39375	0.60162
567 Y	0.04476	0.25218	0.70306
568 K	0.07876	0.01494	0.9063
569 H	0.07995	0.01141	0.90864
570 S	0.08044	0.00868	0.91088
571 L	0.08083	0.00537	0.9138
572 I	0.08160	0.00308	0.91532
573 D	0.08325	0.00013	0.91661
574 R	0.08329	0.00003	0.91669
575 V	0.08329	0.00002	0.91669
576 H	0.08329	0.00001	0.9167
577 G	0.08329	0.00001	0.9167
578 T	0.08329	0.00001	0.9167
579 G	0.08330	0.00000	0.9167
580 K	0.08330	0.00000	0.9167
581 T	0.08330	0.00000	0.9167
582 K	0.08330	0.00000	0.9167
583 K	0.08330	0.00000	0.9167
584 E	0.08330	0.00000	0.9167
585 E	0.08330	0.00000	0.9167
586 K	0.08330	0.00000	0.9167
587 M	0.08330	0.00000	0.9167
588 K	0.08330	0.00000	0.9167
589 E	0.08330	0.00000	0.9167
590 L	0.08330	0.00000	0.9167
591 E	0.08330	0.00000	0.9167
592 S	0.08330	0.00000	0.9167
593 E	0.08330	0.00000	0.9167
594 E	0.08330	0.00000	0.9167
595 F	0.08330	0.00000	0.9167
596 P	0.08330	0.00000	0.9167
597 K	0.08330	0.00000	0.9167
598 E	0.08330	0.00000	0.9167
599 K	0.08330	0.00000	0.9167
600 Y	0.08330	0.00000	0.9167
601 N	0.08330	0.00000	0.9167
602 I	0.08330	0.00000	0.9167
603 E	0.08330	0.00000	0.9167
604 D	0.08330	0.00000	0.9167
605 M	0.08330	0.00000	0.9167
606 E	0.08330	0.00000	0.9167
607 E	0.08330	0.00000	0.9167
608 T	0.08330	0.00000	0.9167
609 E	0.08330	0.00000	0.9167
610 K	0.08330	0.00000	0.9167
611 E	0.08330	0.00000	0.9167
612 N	0.08330	0.00000	0.9167
613 E	0.08330	0.00000	0.9167
614 I	0.08330	0.00000	0.9167
615 E	0.08330	0.00000	0.9167
616 K	0.08330	0.00000	0.9167
617 I	0.08330	0.00000	0.9167
618 M	0.08330	0.00000	0.9167
619 D	0.08330	0.00000	0.9167
620 E	0.08330	0.00000	0.9167
621 N	0.08330	0.00000	0.9167
622 K	0.08330	0.00000	0.9167
623 E	0.08330	0.00000	0.9167
624 T	0.08330	0.00000	0.9167
625 E	0.08330	0.00000	0.9167
626 Q	0.08330	0.00000	0.9167
627 T	0.08330	0.00000	0.9167
628 E	0.08330	0.00000	0.9167
629 E	0.08330	0.00000	0.9167
630 G	0.08330	0.00000	0.9167
631 N	0.08330	0.00000	0.9167
632 T	0.08330	0.00000	0.9167
633 E	0.08330	0.00000	0.9167
634 E	0.08330	0.00000	0.9167
635 F	0.08330	0.00000	0.9167
636 V	0.08330	0.00000	0.9167
637 Q	0.08330	0.00000	0.9167
638 E	0.08330	0.00000	0.9167
639 K	0.08330	0.00000	0.9167
640 E	0.08330	0.00000	0.9167
641 L	0.08330	0.00000	0.9167
642 N	0.08330	0.00000	0.9167
643 Q	0.08330	0.00000	0.9167
644 E	0.08330	0.00000	0.9167
645 T	0.08330	0.00000	0.9167
646 L	0.08330	0.00000	0.9167
647 E	0.08330	0.00000	0.9167
648 N	0.08330	0.00000	0.9167
649 E	0.08330	0.00000	0.9167
650 I	0.08330	0.00000	0.9167
651 I	0.08330	0.00000	0.9167
652 V	0.08330	0.00000	0.9167
653 D	0.08330	0.00000	0.9167
654 H	0.08330	0.00000	0.9167
655 I	0.08330	0.00000	0.9167
656 K	0.08330	0.00000	0.9167
657 E	0.08330	0.00000	0.9167
658 E	0.08330	0.00000	0.9167
659 E	0.08330	0.00000	0.9167
660 D	0.08330	0.00000	0.9167
661 T	0.08330	0.00000	0.9167
662 R	0.08330	0.00000	0.9167
663 N	0.08330	0.00000	0.9167
664 V	0.08330	0.00000	0.9167
665 K	0.08330	0.00000	0.9167
666 E	0.08330	0.00000	0.9167
667 Q	0.08330	0.00000	0.9167
668 E	0.08330	0.00000	0.9167
669 S	0.08330	0.00000	0.9167
670 V	0.08330	0.00000	0.9167
671 L	0.08330	0.00000	0.9167
672 E	0.08330	0.00000	0.9167
673 E	0.08330	0.00000	0.9167
674 S	0.08330	0.00000	0.9167
675 P	0.08330	0.00000	0.9167
676 I	0.08330	0.00000	0.9167
677 E	0.08330	0.00000	0.9167
678 E	0.08330	0.00000	0.9167
679 L	0.08330	0.00000	0.9167
680 P	0.08330	0.00000	0.9167
681 V	0.08330	0.00000	0.9167
682 E	0.08330	0.00000	0.9167
683 N	0.08330	0.00000	0.9167
684 N	0.08330	0.00000	0.9167
685 I	0.08330	0.00000	0.9167
686 G	0.08330	0.00000	0.9167
687 K	0.08330	0.00000	0.9167
688 I	0.08330	0.00000	0.9167
689 N	0.08330	0.00000	0.9167
690 E	0.08330	0.00000	0.9167
691 E	0.08330	0.00000	0.9167
692 V	0.08330	0.00000	0.9167
693 E	0.08330	0.00000	0.9167
694 E	0.08330	0.00000	0.9167
695 F	0.08330	0.00000	0.9167
696 I	0.08330	0.00000	0.9167
697 L	0.08330	0.00000	0.9167
698 N	0.08330	0.00000	0.9167
699 E	0.08330	0.00000	0.9167
700 I	0.08330	0.00000	0.9167
701 P	0.08330	0.00000	0.9167
702 L	0.08330	0.00000	0.9167
703 E	0.08330	0.00000	0.9167
704 E	0.08330	0.00000	0.9167
705 Q	0.08330	0.00000	0.9167
706 V	0.08330	0.00000	0.9167
707 P	0.08330	0.00000	0.9167
708 K	0.08330	0.00000	0.9167
709 E	0.08330	0.00000	0.9167
710 L	0.08330	0.00000	0.9167
711 P	0.08330	0.00000	0.9167
712 Q	0.08330	0.00000	0.9167
713 E	0.08330	0.00000	0.9167
714 E	0.08330	0.00000	0.9167
715 I	0.08330	0.00000	0.9167
716 E	0.08330	0.00000	0.9167
717 E	0.08330	0.00000	0.9167
718 I	0.08330	0.00000	0.9167
719 V	0.08330	0.00000	0.9167
720 V	0.08330	0.00000	0.9167
721 E	0.08330	0.00000	0.9167
722 E	0.08330	0.00000	0.9167
723 L	0.08330	0.00000	0.9167
724 P	0.08330	0.00000	0.9167
725 I	0.08330	0.00000	0.9167
726 D	0.08330	0.00000	0.9167
727 E	0.08330	0.00000	0.9167
728 H	0.08330	0.00000	0.9167
729 L	0.08330	0.00000	0.9167
730 S	0.08330	0.00000	0.9167
731 S	0.08330	0.00000	0.9167
732 E	0.08330	0.00000	0.9167
733 E	0.08330	0.00000	0.9167
734 T	0.08330	0.00000	0.9167
735 T	0.08330	0.00000	0.9167
736 V	0.08330	0.00000	0.9167
737 T	0.08330	0.00000	0.9167
738 E	0.08330	0.00000	0.9167
739 E	0.08330	0.00000	0.9167
740 D	0.08330	0.00000	0.9167
741 T	0.08330	0.00000	0.9167
742 F	0.08330	0.00000	0.9167
743 K	0.08330	0.00000	0.9167
744 G	0.08330	0.00000	0.9167
745 Q	0.08330	0.00000	0.9167
746 L	0.08330	0.00000	0.9167
747 I	0.08330	0.00000	0.9167
748 N	0.08330	0.00000	0.9167
749 E	0.08330	0.00000	0.9167
750 E	0.08330	0.00000	0.9167
751 K	0.08330	0.00000	0.9167
752 P	0.08330	0.00000	0.9167
753 V	0.08330	0.00000	0.9167
754 E	0.08330	0.00000	0.9167
755 E	0.08330	0.00000	0.9167
756 K	0.08330	0.00000	0.9167
757 S	0.08330	0.00000	0.9167
758 V	0.08330	0.00000	0.9167
759 S	0.08330	0.00000	0.9167
760 E	0.08330	0.00000	0.9167
761 E	0.08330	0.00000	0.9167
762 I	0.08330	0.00000	0.9167
763 P	0.08330	0.00000	0.9167
764 V	0.08330	0.00000	0.9167
765 E	0.08330	0.00000	0.9167
766 E	0.08330	0.00000	0.9167
767 K	0.08330	0.00000	0.9167
768 S	0.08330	0.00000	0.9167
769 V	0.08330	0.00000	0.9167
770 S	0.08330	0.00000	0.9167
771 E	0.08330	0.00000	0.9167
772 E	0.08330	0.00000	0.9167
773 I	0.08330	0.00000	0.9167
774 P	0.08330	0.00000	0.9167
775 V	0.08330	0.00000	0.9167
776 E	0.08330	0.00000	0.9167
777 E	0.08330	0.00000	0.9167
778 K	0.08330	0.00000	0.9167
779 S	0.08330	0.00000	0.9167
780 V	0.08330	0.00000	0.9167
781 S	0.08330	0.00000	0.9167
782 E	0.08330	0.00000	0.9167
783 E	0.08330	0.00000	0.9167
784 I	0.08330	0.00000	0.9167
785 P	0.08330	0.00000	0.9167
786 V	0.08330	0.00000	0.9167
787 E	0.08330	0.00000	0.9167
788 E	0.08330	0.00000	0.9167
789 K	0.08330	0.00000	0.9167
790 S	0.08330	0.00000	0.9167
791 V	0.08330	0.00000	0.9167
792 S	0.08330	0.00000	0.9167
793 E	0.08330	0.00000	0.9167
794 E	0.08330	0.00000	0.9167
795 I	0.08330	0.00000	0.9167
796 P	0.08330	0.00000	0.9167
797 V	0.08330	0.00000	0.9167
798 E	0.08330	0.00000	0.9167
799 E	0.08330	0.00000	0.9167
800 K	0.08330	0.00000	0.9167
801 N	0.08330	0.00000	0.9167
802 V	0.08330	0.00000	0.9167
803 S	0.08330	0.00000	0.9167
804 E	0.08330	0.00000	0.9167
805 E	0.08330	0.00000	0.9167
806 I	0.08330	0.00000	0.9167
807 P	0.08330	0.00000	0.9167
808 V	0.08330	0.00000	0.9167
809 E	0.08330	0.00000	0.9167
810 E	0.08330	0.00000	0.9167
811 K	0.08330	0.00000	0.9167
812 N	0.08330	0.00000	0.9167
813 V	0.08330	0.00000	0.9167
814 S	0.08330	0.00000	0.9167
815 E	0.08330	0.00000	0.9167
816 E	0.08330	0.00000	0.9167
817 I	0.08330	0.00000	0.9167
818 P	0.08330	0.00000	0.9167
819 V	0.08330	0.00000	0.9167
820 E	0.08330	0.00000	0.9167
821 E	0.08330	0.00000	0.9167
822 K	0.08330	0.00000	0.9167
823 N	0.08330	0.00000	0.9167
824 V	0.08330	0.00000	0.9167
825 S	0.08330	0.00000	0.9167
826 E	0.08330	0.00000	0.9167
827 E	0.08330	0.00000	0.9167
828 I	0.08330	0.00000	0.9167
829 P	0.08330	0.00000	0.9167
830 V	0.08330	0.00000	0.9167
831 E	0.08330	0.00000	0.9167
832 E	0.08330	0.00000	0.9167
833 E	0.08330	0.00000	0.9167
834 N	0.08330	0.00000	0.9167
835 V	0.08330	0.00000	0.9167
836 S	0.08330	0.00000	0.9167
837 E	0.08330	0.00000	0.9167
838 E	0.08330	0.00000	0.9167
839 I	0.08330	0.00000	0.9167
840 P	0.08330	0.00000	0.9167
841 E	0.08330	0.00000	0.9167
842 G	0.08330	0.00000	0.9167
843 G	0.08330	0.00000	0.9167
844 I	0.08330	0.00000	0.9167
845 A	0.08330	0.00000	0.9167
846 I	0.08330	0.00000	0.9167
847 E	0.08330	0.00000	0.9167
848 D	0.08330	0.00000	0.9167
849 V	0.08330	0.00000	0.9167
850 P	0.08330	0.00000	0.9167
851 V	0.08330	0.00000	0.9167
852 D	0.08330	0.00000	0.9167
853 E	0.08330	0.00000	0.9167
854 E	0.08330	0.00000	0.9167
855 T	0.08330	0.00000	0.9167
856 V	0.08330	0.00000	0.9167
857 T	0.08330	0.00000	0.9167
858 E	0.08330	0.00000	0.9167
859 E	0.08330	0.00000	0.9167
860 I	0.08330	0.00000	0.9167
861 T	0.08330	0.00000	0.9167
862 V	0.08330	0.00000	0.9167
863 D	0.08330	0.00000	0.9167
864 E	0.08330	0.00000	0.9167
865 K	0.08330	0.00000	0.9167
866 I	0.08330	0.00000	0.9167
867 Y	0.08330	0.00000	0.9167
868 D	0.08330	0.00000	0.9167
869 K	0.08330	0.00000	0.9167
870 L	0.08330	0.00000	0.9167
871 P	0.08330	0.00000	0.9167
872 N	0.08330	0.00000	0.9167
873 E	0.08330	0.00000	0.9167
874 I	0.08330	0.00000	0.9167
875 E	0.08330	0.00000	0.9167
876 T	0.08330	0.00000	0.9167
877 V	0.08330	0.00000	0.9167
878 N	0.08330	0.00000	0.9167
879 E	0.08330	0.00000	0.9167
880 E	0.08330	0.00000	0.9167
881 M	0.08330	0.00000	0.9167
882 P	0.08330	0.00000	0.9167
883 V	0.08330	0.00000	0.9167
884 E	0.08330	0.00000	0.9167
885 D	0.08330	0.00000	0.9167
886 E	0.08330	0.00000	0.9167
887 T	0.08330	0.00000	0.9167
888 L	0.08330	0.00000	0.9167
889 T	0.08330	0.00000	0.9167
890 E	0.08330	0.00000	0.9167
891 Q	0.08330	0.00000	0.9167
892 I	0.08330	0.00000	0.9167
893 S	0.08330	0.00000	0.9167
894 S	0.08330	0.00000	0.9167
895 E	0.08330	0.00000	0.9167
896 H	0.08330	0.00000	0.9167
897 E	0.08330	0.00000	0.9167
898 R	0.08330	0.00000	0.9167
899 V	0.08330	0.00000	0.9167
900 P	0.08330	0.00000	0.9167
901 E	0.08330	0.00000	0.9167
902 E	0.08330	0.00000	0.9167
903 I	0.08330	0.00000	0.9167
904 I	0.08330	0.00000	0.9167
905 E	0.08330	0.00000	0.9167
906 E	0.08330	0.00000	0.9167
907 K	0.08330	0.00000	0.9167
908 P	0.08330	0.00000	0.9167
909 F	0.08330	0.00000	0.9167
910 T	0.08330	0.00000	0.9167
911 E	0.08330	0.00000	0.9167
912 G	0.08330	0.00000	0.9167
913 E	0.08330	0.00000	0.9167
914 E	0.08330	0.00000	0.9167
915 T	0.08330	0.00000	0.9167
916 E	0.08330	0.00000	0.9167
917 S	0.08330	0.00000	0.9167
918 L	0.08330	0.00000	0.9167
919 T	0.08330	0.00000	0.9167
920 D	0.08330	0.00000	0.9167
921 E	0.08330	0.00000	0.9167
922 I	0.08330	0.00000	0.9167
923 V	0.08330	0.00000	0.9167
924 E	0.08330	0.00000	0.9167
925 E	0.08330	0.00000	0.9167
926 G	0.08330	0.00000	0.9167
927 V	0.08330	0.00000	0.9167
928 V	0.08330	0.00000	0.9167
929 T	0.08330	0.00000	0.9167
930 D	0.08330	0.00000	0.9167
931 D	0.08330	0.00000	0.9167
932 I	0.08330	0.00000	0.9167
933 P	0.08330	0.00000	0.9167
934 E	0.08330	0.00000	0.9167
935 E	0.08330	0.00000	0.9167
936 Q	0.08330	0.00000	0.9167
937 I	0.08330	0.00000	0.9167
938 I	0.08330	0.00000	0.9167
939 T	0.08330	0.00000	0.9167
940 E	0.08330	0.00000	0.9167
941 K	0.08330	0.00000	0.9167
942 V	0.08330	0.00000	0.9167
943 Q	0.08330	0.00000	0.9167
944 E	0.08330	0.00000	0.9167
945 E	0.08330	0.00000	0.9167
946 E	0.08330	0.00000	0.9167
947 E	0.08330	0.00000	0.9167
948 F	0.08330	0.00000	0.9167
949 V	0.08330	0.00000	0.9167
950 T	0.08330	0.00000	0.9167
951 G	0.08330	0.00000	0.9167
952 E	0.08330	0.00000	0.9167
953 L	0.08330	0.00000	0.9167
954 S	0.08330	0.00000	0.9167
955 E	0.08330	0.00000	0.9167
956 E	0.08330	0.00000	0.9167
957 D	0.08330	0.00000	0.9167
958 I	0.08330	0.00000	0.9167
959 I	0.08330	0.00000	0.9167
960 N	0.08330	0.00000	0.9167
961 E	0.08330	0.00000	0.9167
962 K	0.08330	0.00000	0.9167
963 V	0.08330	0.00000	0.9167
964 Q	0.08330	0.00000	0.9167
965 E	0.08330	0.00000	0.9167
966 E	0.08330	0.00000	0.9167
967 D	0.08330	0.00000	0.9167
968 E	0.08330	0.00000	0.9167
969 S	0.08330	0.00000	0.9167
970 V	0.08330	0.00000	0.9167
971 T	0.08330	0.00000	0.9167
972 E	0.08330	0.00000	0.9167
973 E	0.08330	0.00000	0.9167
974 L	0.08330	0.00000	0.9167
975 P	0.08330	0.00000	0.9167
976 E	0.08330	0.00000	0.9167
977 E	0.08330	0.00000	0.9167
978 D	0.08330	0.00000	0.9167
979 I	0.08330	0.00000	0.9167
980 I	0.08330	0.00000	0.9167
981 N	0.08330	0.00000	0.9167
982 E	0.08330	0.00000	0.9167
983 K	0.08330	0.00000	0.9167
984 V	0.08330	0.00000	0.9167
985 Q	0.08330	0.00000	0.9167
986 E	0.08330	0.00000	0.9167
987 E	0.08330	0.00000	0.9167
988 E	0.08330	0.00000	0.9167
989 E	0.08330	0.00000	0.9167
990 S	0.08330	0.00000	0.9167
991 A	0.08330	0.00000	0.9167
992 Y	0.08330	0.00000	0.9167
993 Q	0.08330	0.00000	0.9167
994 E	0.08330	0.00000	0.9167
995 I	0.08330	0.00000	0.9167
996 V	0.08330	0.00000	0.9167
997 Q	0.08330	0.00000	0.9167
998 D	0.08330	0.00000	0.9167
999 G	0.08330	0.00000	0.9167
1000 S	0.08330	0.00000	0.9167
1001 V	0.08330	0.00000	0.9167
1002 T	0.08330	0.00000	0.9167
1003 K	0.08330	0.00000	0.9167
1004 D	0.08330	0.00000	0.9167
1005 V	0.08330	0.00000	0.9167
1006 E	0.08330	0.00000	0.9167
1007 Y	0.08330	0.00000	0.9167
1008 K	0.08330	0.00000	0.9167
1009 E	0.08330	0.00000	0.9167
1010 L	0.08330	0.00000	0.9167
1011 V	0.08330	0.00000	0.9167
1012 N	0.08330	0.00000	0.9167
1013 D	0.08330	0.00000	0.9167
1014 D	0.08330	0.00000	0.9167
1015 V	0.08330	0.00000	0.9167
1016 R	0.08330	0.00000	0.9167
1017 D	0.08330	0.00000	0.9167
1018 K	0.08330	0.00000	0.9167
1019 E	0.08330	0.00000	0.9167
1020 N	0.08330	0.00000	0.9167
1021 F	0.08330	0.00000	0.9167
1022 V	0.08330	0.00000	0.9167
1023 I	0.08330	0.00000	0.9167
1024 E	0.08330	0.00000	0.9167
1025 E	0.08330	0.00000	0.9167
1026 D	0.08330	0.00000	0.9167
1027 P	0.08330	0.00000	0.9167
1028 F	0.08330	0.00000	0.9167
1029 K	0.08330	0.00000	0.9167
1030 G	0.08330	0.00000	0.9167
1031 Q	0.08330	0.00000	0.9167
1032 L	0.08330	0.00000	0.9167
1033 I	0.08330	0.00000	0.9167
1034 N	0.08330	0.00000	0.9167
1035 E	0.08330	0.00000	0.9167
1036 G	0.08330	0.00000	0.9167
1037 L	0.08330	0.00000	0.9167
1038 P	0.08330	0.00000	0.9167
1039 V	0.08330	0.00000	0.9167
1040 E	0.08330	0.00000	0.9167
1041 E	0.08330	0.00000	0.9167
1042 E	0.08330	0.00000	0.9167
1043 F	0.08330	0.00000	0.9167
1044 V	0.08330	0.00000	0.9167
1045 T	0.08330	0.00000	0.9167
1046 K	0.08330	0.00000	0.9167
1047 E	0.08330	0.00000	0.9167
1048 L	0.08330	0.00000	0.9167
1049 P	0.08330	0.00000	0.9167
1050 V	0.08330	0.00000	0.9167
1051 K	0.08330	0.00000	0.9167
1052 E	0.08330	0.00000	0.9167
1053 E	0.08330	0.00000	0.9167
1054 S	0.08330	0.00000	0.9167
1055 V	0.08330	0.00000	0.9167
1056 F	0.08330	0.00000	0.9167
1057 E	0.08330	0.00000	0.9167
1058 E	0.08330	0.00000	0.9167
1059 L	0.08330	0.00000	0.9167
1060 T	0.08330	0.00000	0.9167
1061 E	0.08330	0.00000	0.9167
1062 E	0.08330	0.00000	0.9167
1063 D	0.08330	0.00000	0.9167
1064 Q	0.08330	0.00000	0.9167
1065 S	0.08330	0.00000	0.9167
1066 V	0.08330	0.00000	0.9167
1067 T	0.08330	0.00000	0.9167
1068 K	0.08330	0.00000	0.9167
1069 E	0.08330	0.00000	0.9167
1070 I	0.08330	0.00000	0.9167
1071 P	0.08330	0.00000	0.9167
1072 V	0.08330	0.00000	0.9167
1073 E	0.08330	0.00000	0.9167
1074 E	0.08330	0.00000	0.9167
1075 H	0.08330	0.00000	0.9167
1076 S	0.08330	0.00000	0.9167
1077 V	0.08330	0.00000	0.9167
1078 F	0.08330	0.00000	0.9167
1079 K	0.08330	0.00000	0.9167
1080 E	0.08330	0.00000	0.9167
1081 V	0.08330	0.00000	0.9167
1082 D	0.08330	0.00000	0.9167
1083 E	0.08330	0.00000	0.9167
1084 I	0.08330	0.00000	0.9167
1085 E	0.08330	0.00000	0.9167
1086 S	0.08330	0.00000	0.9167
1087 V	0.08330	0.00000	0.9167
1088 T	0.08330	0.00000	0.9167
1089 D	0.08330	0.00000	0.9167
1090 E	0.08330	0.00000	0.9167
1091 I	0.08330	0.00000	0.9167
1092 V	0.08330	0.00000	0.9167
1093 E	0.08330	0.00000	0.9167
1094 E	0.08330	0.00000	0.9167
1095 E	0.08330	0.00000	0.9167
1096 G	0.08330	0.00000	0.9167
1097 S	0.08330	0.00000	0.9167
1098 V	0.08330	0.00000	0.9167
1099 N	0.08330	0.00000	0.9167
1100 E	0.08330	0.00000	0.9167
1101 E	0.08330	0.00000	0.9167
1102 V	0.08330	0.00000	0.9167
1103 E	0.08330	0.00000	0.9167
1104 E	0.08330	0.00000	0.9167
1105 E	0.08330	0.00000	0.9167
1106 V	0.08330	0.00000	0.9167
1107 S	0.08330	0.00000	0.9167
1108 V	0.08330	0.00000	0.9167
1109 S	0.08330	0.00000	0.9167
1110 G	0.08330	0.00000	0.9167
1111 E	0.08330	0.00000	0.9167
1112 V	0.08330	0.00000	0.9167
1113 D	0.08330	0.00000	0.9167
1114 E	0.08330	0.00000	0.9167
1115 T	0.08330	0.00000	0.9167
1116 E	0.08330	0.00000	0.9167
1117 Y	0.08330	0.00000	0.9167
1118 V	0.08330	0.00000	0.9167
1119 T	0.08330	0.00000	0.9167
1120 E	0.08330	0.00000	0.9167
1121 E	0.08330	0.00000	0.9167
1122 V	0.08330	0.00000	0.9167
1123 E	0.08330	0.00000	0.9167
1124 E	0.08330	0.00000	0.9167
1125 T	0.08330	0.00000	0.9167
1126 E	0.08330	0.00000	0.9167
1127 L	0.08330	0.00000	0.9167
1128 V	0.08330	0.00000	0.9167
1129 N	0.08330	0.00000	0.9167
1130 E	0.08330	0.00000	0.9167
1131 E	0.08330	0.00000	0.9167
1132 V	0.08330	0.00000	0.9167
1133 L	0.08330	0.00000	0.9167
1134 K	0.08330	0.00000	0.9167
1135 E	0.08330	0.00000	0.9167
1136 E	0.08330	0.00000	0.9167
1137 G	0.08330	0.00000	0.9167
1138 S	0.08330	0.00000	0.9167
1139 A	0.08330	0.00000	0.9167
1140 S	0.08330	0.00000	0.9167
1141 E	0.08330	0.00000	0.9167
1142 K	0.08330	0.00000	0.9167
1143 V	0.08330	0.00000	0.9167
1144 V	0.08330	0.00000	0.9167
1145 K	0.08330	0.00000	0.9167
1146 E	0.08330	0.00000	0.9167
1147 E	0.08330	0.00000	0.9167
1148 G	0.08330	0.00000	0.9167
1149 S	0.08330	0.00000	0.9167
1150 A	0.08330	0.00000	0.9167
1151 S	0.08330	0.00000	0.9167
1152 E	0.08330	0.00000	0.9167
1153 K	0.08330	0.00000	0.9167
1154 I	0.08330	0.00000	0.9167
1155 V	0.08330	0.00000	0.9167
1156 E	0.08330	0.00000	0.9167
1157 E	0.08330	0.00000	0.9167
1158 E	0.08330	0.00000	0.9167
1159 G	0.08330	0.00000	0.9167
1160 S	0.08330	0.00000	0.9167
1161 V	0.08330	0.00000	0.9167
1162 T	0.08330	0.00000	0.9167
1163 E	0.08330	0.00000	0.9167
1164 E	0.08330	0.00000	0.9167
1165 T	0.08330	0.00000	0.9167
1166 A	0.08330	0.00000	0.9167
1167 S	0.08330	0.00000	0.9167
1168 E	0.08330	0.00000	0.9167
1169 E	0.08330	0.00000	0.9167
1170 I	0.08330	0.00000	0.9167
1171 V	0.08330	0.00000	0.9167
1172 E	0.08330	0.00000	0.9167
1173 E	0.08330	0.00000	0.9167
1174 E	0.08330	0.00000	0.9167
1175 G	0.08330	0.00000	0.9167
1176 S	0.08330	0.00000	0.9167
1177 V	0.08330	0.00000	0.9167
1178 T	0.08330	0.00000	0.9167
1179 E	0.08330	0.00000	0.9167
1180 E	0.08330	0.00000	0.9167
1181 S	0.08330	0.00000	0.9167
1182 S	0.08330	0.00000	0.9167
1183 S	0.08330	0.00000	0.9167
1184 E	0.08330	0.00000	0.9167
1185 E	0.08330	0.00000	0.9167
1186 I	0.08330	0.00000	0.9167
1187 V	0.08330	0.00000	0.9167
1188 E	0.08330	0.00000	0.9167
1189 D	0.08330	0.00000	0.9167
1190 E	0.08330	0.00000	0.9167
1191 G	0.08330	0.00000	0.9167
1192 S	0.08330	0.00000	0.9167
1193 V	0.08330	0.00000	0.9167
1194 T	0.08330	0.00000	0.9167
1195 E	0.08330	0.00000	0.9167
1196 E	0.08330	0.00000	0.9167
1197 S	0.08330	0.00000	0.9167
1198 S	0.08330	0.00000	0.9167
1199 S	0.08330	0.00000	0.9167
1200 E	0.08330	0.00000	0.9167
